10000
5
0 73892 738587 664622 -455922
-73892 0 -625624 313807 -547089
-738587 625624 0 -658380 226860
-664622 -313807 658380 0 -173707
455922 547089 -226860 173707 0
5
0 -682948 -909228 -517879 980521
682948 0 659061 208125 -996548
909228 -659061 0 991205 -101142
517879 -208125 -991205 0 -916453
-980521 996548 101142 916453 0
5
0 90488 -514262 -981585 -609985
-90488 0 74063 -986761 -815339
514262 -74063 0 876335 -623383
981585 986761 -876335 0 -445028
609985 815339 623383 445028 0
5
0 -841098 -474044 -123825 214878
841098 0 -966970 128549 -970258
474044 966970 0 -824944 -586655
123825 -128549 824944 0 -235130
-214878 970258 586655 235130 0
5
0 -704493 -687670 522112 240714
704493 0 749295 -112200 -330570
687670 -749295 0 -328877 206297
-522112 112200 328877 0 330943
-240714 330570 -206297 -330943 0
5
0 -293944 -812329 -276096 265716
293944 0 -398785 707647 -451574
812329 398785 0 -126709 286475
276096 -707647 126709 0 4840
-265716 451574 -286475 -4840 0
5
0 -471210 -599217 -522987 477971
471210 0 10480 -400742 -793861
599217 -10480 0 -732371 303882
522987 400742 732371 0 -437727
-477971 793861 -303882 437727 0
5
0 425010 342072 677810 -210841
-425010 0 173184 152658 -939576
-342072 -173184 0 -806395 545156
-677810 -152658 806395 0 -598619
210841 939576 -545156 598619 0
5
0 -88650 -140123 891772 -613219
88650 0 -98743 -223969 544867
140123 98743 0 724049 -104569
-891772 223969 -724049 0 -349626
613219 -544867 104569 349626 0
5
0 713968 -852045 -848429 942315
-713968 0 -234833 556314 869329
852045 234833 0 -160103 -249732
848429 -556314 160103 0 -778269
-942315 -869329 249732 778269 0
5
0 805646 932371 959412 -348283
-805646 0 -197991 386546 -612041
-932371 197991 0 46781 263122
-959412 -386546 -46781 0 -775339
348283 612041 -263122 775339 0
5
0 732228 -718056 -181677 -463051
-732228 0 563651 -392057 413240
718056 -563651 0 -837283 -755274
181677 392057 837283 0 -528652
463051 -413240 755274 528652 0
5
0 -643798 -891151 -1297 934968
643798 0 93103 -995447 685262
891151 -93103 0 -736656 -375258
1297 995447 736656 0 221569
-934968 -685262 375258 -221569 0
5
0 488008 386818 -915896 -333349
-488008 0 683172 -788237 -866446
-386818 -683172 0 -206630 174385
915896 788237 206630 0 -714711
333349 866446 -174385 714711 0
5
0 -433045 -46192 856011 -900569
433045 0 -693191 -886111 -720262
46192 693191 0 -738911 54779
-856011 886111 738911 0 197807
900569 720262 -54779 -197807 0
5
0 -526127 -342120 492024 -334759
526127 0 -318338 579208 -526878
342120 318338 0 -945576 -863444
-492024 -579208 945576 0 -534874
334759 526878 863444 534874 0
5
0 -127927 -146500 766786 -610489
127927 0 95000 93104 639446
146500 -95000 0 -856139 -404214
-766786 -93104 856139 0 68037
610489 -639446 404214 -68037 0
5
0 -912393 -674619 37295 -619140
912393 0 134836 -312574 353903
674619 -134836 0 695055 -199392
-37295 312574 -695055 0 -879627
619140 -353903 199392 879627 0
5
0 -374903 -596938 -352144 -815404
374903 0 -728227 365801 -320896
596938 728227 0 61452 -132917
352144 -365801 -61452 0 -6393
815404 320896 132917 6393 0
5
0 677947 -589239 -749235 -19139
-677947 0 -341267 534594 -332980
589239 341267 0 -999261 148883
749235 -534594 999261 0 377311
19139 332980 -148883 -377311 0
5
0 -668406 15578 114159 -324200
668406 0 103510 -481678 -595112
-15578 -103510 0 -158840 -890960
-114159 481678 158840 0 369002
324200 595112 890960 -369002 0
5
0 781935 787093 -261087 186933
-781935 0 -201082 861695 621942
-787093 201082 0 -675878 189990
261087 -861695 675878 0 -476137
-186933 -621942 -189990 476137 0
5
0 922499 -571130 -881169 704107
-922499 0 714932 -306769 -292044
571130 -714932 0 -125273 135227
881169 306769 125273 0 456895
-704107 292044 -135227 -456895 0
5
0 945216 460194 -499434 -211845
-945216 0 -273918 151409 550695
-460194 273918 0 -364701 -7752
499434 -151409 364701 0 453775
211845 -550695 7752 -453775 0
5
0 -417044 -549473 -279964 -561287
417044 0 712495 246736 -224051
549473 -712495 0 322124 354681
279964 -246736 -322124 0 -842934
561287 224051 -354681 842934 0
5
0 -271593 -48796 380273 71336
271593 0 -836030 -935235 -749777
48796 836030 0 -203077 -247187
-380273 935235 203077 0 86290
-71336 749777 247187 -86290 0
5
0 773240 -966716 143152 494127
-773240 0 992489 -141512 -279324
966716 -992489 0 691475 -964154
-143152 141512 -691475 0 414821
-494127 279324 964154 -414821 0
5
0 677094 67558 641654 -719977
-677094 0 -66466 -332823 -474854
-67558 66466 0 -685400 -353939
-641654 332823 685400 0 -261624
719977 474854 353939 261624 0
5
0 194419 -360288 -777000 480113
-194419 0 -762125 -939972 407923
360288 762125 0 -885838 683896
777000 939972 885838 0 -956284
-480113 -407923 -683896 956284 0
5
0 -726561 967334 250908 54046
726561 0 739188 179667 459825
-967334 -739188 0 430177 188605
-250908 -179667 -430177 0 71308
-54046 -459825 -188605 -71308 0
5
0 285343 -275016 -805968 888202
-285343 0 309117 717954 393482
275016 -309117 0 -386795 -228414
805968 -717954 386795 0 852171
-888202 -393482 228414 -852171 0
5
0 -122790 120251 -557525 -771791
122790 0 575952 -464076 -210925
-120251 -575952 0 542089 -276308
557525 464076 -542089 0 -147314
771791 210925 276308 147314 0
5
0 264799 909090 113322 -716788
-264799 0 654213 -639188 -452309
-909090 -654213 0 -895987 -702395
-113322 639188 895987 0 -357960
716788 452309 702395 357960 0
5
0 -954722 970272 -391700 368394
954722 0 -394845 57863 76527
-970272 394845 0 -946694 -384121
391700 -57863 946694 0 -558837
-368394 -76527 384121 558837 0
5
0 933505 469639 -438433 572277
-933505 0 -453278 -198809 -14796
-469639 453278 0 -921363 659303
438433 198809 921363 0 -96534
-572277 14796 -659303 96534 0
5
0 248044 -666758 -128436 244580
-248044 0 -106419 497846 848254
666758 106419 0 437987 310885
128436 -497846 -437987 0 117295
-244580 -848254 -310885 -117295 0
5
0 -329855 -26524 -951412 -910266
329855 0 738008 938352 430349
26524 -738008 0 599227 -82679
951412 -938352 -599227 0 631780
910266 -430349 82679 -631780 0
5
0 62277 -282063 551671 318075
-62277 0 -662945 -743424 257797
282063 662945 0 -219757 -197349
-551671 743424 219757 0 506323
-318075 -257797 197349 -506323 0
5
0 282148 750490 -415433 -732848
-282148 0 -617425 -547821 -341857
-750490 617425 0 989199 119498
415433 547821 -989199 0 -435277
732848 341857 -119498 435277 0
5
0 -226099 136133 388521 627628
226099 0 -470200 732430 -979661
-136133 470200 0 83606 -546258
-388521 -732430 -83606 0 -968569
-627628 979661 546258 968569 0
5
0 92358 116255 -944374 -606243
-92358 0 -618598 318849 231045
-116255 618598 0 199283 -687315
944374 -318849 -199283 0 -59790
606243 -231045 687315 59790 0
5
0 -129839 -633949 429697 191627
129839 0 -373117 438862 -591133
633949 373117 0 863509 238394
-429697 -438862 -863509 0 -854137
-191627 591133 -238394 854137 0
5
0 -324848 95308 41131 118717
324848 0 -282971 985524 -812648
-95308 282971 0 -240176 791254
-41131 -985524 240176 0 -768804
-118717 812648 -791254 768804 0
5
0 -957258 840560 -741346 28213
957258 0 769273 785096 -905347
-840560 -769273 0 -172485 62651
741346 -785096 172485 0 917571
-28213 905347 -62651 -917571 0
5
0 -764508 942221 791550 620047
764508 0 608066 -174672 832399
-942221 -608066 0 446063 -939794
-791550 174672 -446063 0 184396
-620047 -832399 939794 -184396 0
5
0 384154 360851 -467737 591031
-384154 0 -775744 -268016 -293918
-360851 775744 0 -635445 154095
467737 268016 635445 0 -616504
-591031 293918 -154095 616504 0
5
0 -117649 -385327 395459 -602119
117649 0 -126934 631252 -572004
385327 126934 0 -753398 -752770
-395459 -631252 753398 0 82073
602119 572004 752770 -82073 0
5
0 962920 256128 158698 -765654
-962920 0 -892368 -884040 -941779
-256128 892368 0 -190908 -474971
-158698 884040 190908 0 131892
765654 941779 474971 -131892 0
5
0 -170606 -993179 717756 -474105
170606 0 -290172 -968157 345423
993179 290172 0 785346 548616
-717756 968157 -785346 0 -362117
474105 -345423 -548616 362117 0
5
0 131419 195251 441944 634381
-131419 0 -216520 -768593 -545571
-195251 216520 0 -838326 -107950
-441944 768593 838326 0 983775
-634381 545571 107950 -983775 0
5
0 -930943 440051 76726 263509
930943 0 58172 398636 -635556
-440051 -58172 0 -88184 534130
-76726 -398636 88184 0 -444770
-263509 635556 -534130 444770 0
5
0 -408249 371645 240548 795435
408249 0 153685 807336 494587
-371645 -153685 0 -98681 -907595
-240548 -807336 98681 0 80401
-795435 -494587 907595 -80401 0
5
0 -908587 901433 -745633 157750
908587 0 -59122 -546371 597930
-901433 59122 0 -653658 56853
745633 546371 653658 0 -402793
-157750 -597930 -56853 402793 0
5
0 342576 -97019 625224 -114018
-342576 0 378214 -532219 684231
97019 -378214 0 -707415 -381318
-625224 532219 707415 0 -191638
114018 -684231 381318 191638 0
5
0 502388 -709818 666225 543349
-502388 0 -55774 38532 602128
709818 55774 0 -809658 668219
-666225 -38532 809658 0 986278
-543349 -602128 -668219 -986278 0
5
0 -928970 -840098 -339672 -685487
928970 0 -2805 -331272 685892
840098 2805 0 871411 357723
339672 331272 -871411 0 252272
685487 -685892 -357723 -252272 0
5
0 -224491 -437684 243911 -341536
224491 0 326014 -441252 -359861
437684 -326014 0 633277 36954
-243911 441252 -633277 0 393887
341536 359861 -36954 -393887 0
5
0 539076 872235 -883219 -751763
-539076 0 -89334 662799 508328
-872235 89334 0 -888213 968035
883219 -662799 888213 0 851035
751763 -508328 -968035 -851035 0
5
0 -156438 -422147 628436 -620869
156438 0 487446 -283126 -161829
422147 -487446 0 997468 -919217
-628436 283126 -997468 0 -547569
620869 161829 919217 547569 0
5
0 -703363 844482 -20384 -812639
703363 0 487619 -768018 572589
-844482 -487619 0 -683685 -123608
20384 768018 683685 0 -2558
812639 -572589 123608 2558 0
5
0 949906 553505 -786791 -391878
-949906 0 -463092 570602 214809
-553505 463092 0 -382157 366221
786791 -570602 382157 0 -700228
391878 -214809 -366221 700228 0
5
0 -748965 730016 -344436 -585659
748965 0 857227 -389902 478934
-730016 -857227 0 -497171 53123
344436 389902 497171 0 -911405
585659 -478934 -53123 911405 0
5
0 -1133 993469 153480 -837890
1133 0 686903 641582 625694
-993469 -686903 0 -61437 -655950
-153480 -641582 61437 0 760776
837890 -625694 655950 -760776 0
5
0 135651 -119344 540835 650834
-135651 0 -812015 -787498 -808878
119344 812015 0 323032 -786501
-540835 787498 -323032 0 -868987
-650834 808878 786501 868987 0
5
0 233805 61605 639334 823746
-233805 0 623606 135315 -312134
-61605 -623606 0 490730 -18609
-639334 -135315 -490730 0 607327
-823746 312134 18609 -607327 0
5
0 -876579 -135269 -15115 625720
876579 0 -125514 56949 -76518
135269 125514 0 -228492 139261
15115 -56949 228492 0 967539
-625720 76518 -139261 -967539 0
5
0 978080 -133865 989879 676919
-978080 0 343463 -631603 325944
133865 -343463 0 167023 -35244
-989879 631603 -167023 0 717879
-676919 -325944 35244 -717879 0
5
0 -651554 180982 918927 -135464
651554 0 791126 -553935 434357
-180982 -791126 0 -1503 878320
-918927 553935 1503 0 -588426
135464 -434357 -878320 588426 0
5
0 -842188 768386 25561 370378
842188 0 778261 826196 594347
-768386 -778261 0 581611 106200
-25561 -826196 -581611 0 515363
-370378 -594347 -106200 -515363 0
5
0 -552896 -152578 -10541 -342060
552896 0 -74601 963519 -139699
152578 74601 0 -480364 197892
10541 -963519 480364 0 -720110
342060 139699 -197892 720110 0
5
0 -257514 967338 -369879 314825
257514 0 953309 750141 487313
-967338 -953309 0 973145 -739406
369879 -750141 -973145 0 778736
-314825 -487313 739406 -778736 0
5
0 984945 -101648 -794106 370790
-984945 0 147223 -946365 -482934
101648 -147223 0 929720 -62291
794106 946365 -929720 0 -998428
-370790 482934 62291 998428 0
5
0 24482 -561706 -871898 982057
-24482 0 -138932 -788477 185863
561706 138932 0 -620791 -958956
871898 788477 620791 0 786861
-982057 -185863 958956 -786861 0
5
0 -465314 -491809 176292 893928
465314 0 -730769 -570521 -526857
491809 730769 0 -464001 820261
-176292 570521 464001 0 -298871
-893928 526857 -820261 298871 0
5
0 288907 -139739 133207 -441411
-288907 0 871086 -234514 704659
139739 -871086 0 508815 -361575
-133207 234514 -508815 0 -848880
441411 -704659 361575 848880 0
5
0 724812 314602 -46725 19984
-724812 0 20999 -66529 -966933
-314602 -20999 0 551162 857384
46725 66529 -551162 0 -425244
-19984 966933 -857384 425244 0
5
0 -173514 639389 -127205 -55816
173514 0 884878 892679 599252
-639389 -884878 0 -533341 -600911
127205 -892679 533341 0 -271839
55816 -599252 600911 271839 0
5
0 -472282 -693827 -864359 103823
472282 0 -984647 -754331 -76840
693827 984647 0 403739 -281943
864359 754331 -403739 0 -577447
-103823 76840 281943 577447 0
5
0 363039 312957 966602 -488002
-363039 0 225429 633647 57350
-312957 -225429 0 963959 214525
-966602 -633647 -963959 0 588898
488002 -57350 -214525 -588898 0
5
0 547146 -515064 32916 -309376
-547146 0 -892782 18237 -388572
515064 892782 0 525474 -89566
-32916 -18237 -525474 0 -779528
309376 388572 89566 779528 0
5
0 602895 -193308 -17551 -980812
-602895 0 600870 897727 -708110
193308 -600870 0 -968159 -868606
17551 -897727 968159 0 69368
980812 708110 868606 -69368 0
5
0 -516138 -603338 208284 -842317
516138 0 963958 233567 894282
603338 -963958 0 395111 926321
-208284 -233567 -395111 0 -505505
842317 -894282 -926321 505505 0
5
0 -859374 967021 325923 -333485
859374 0 -887364 -186080 395766
-967021 887364 0 590944 835991
-325923 186080 -590944 0 -756686
333485 -395766 -835991 756686 0
5
0 964116 -394022 870295 -278910
-964116 0 -647241 330403 145474
394022 647241 0 81463 528511
-870295 -330403 -81463 0 -259561
278910 -145474 -528511 259561 0
5
0 -394288 563433 -221716 -18655
394288 0 -212360 -408972 542721
-563433 212360 0 512185 -223844
221716 408972 -512185 0 -795662
18655 -542721 223844 795662 0
5
0 92556 -718397 -466140 266416
-92556 0 -287709 586539 599802
718397 287709 0 -654037 141243
466140 -586539 654037 0 798425
-266416 -599802 -141243 -798425 0
5
0 661111 -417212 47359 -419595
-661111 0 242749 321731 120583
417212 -242749 0 751234 -431935
-47359 -321731 -751234 0 -535213
419595 -120583 431935 535213 0
5
0 554694 233739 236835 -917732
-554694 0 -88671 -11476 640259
-233739 88671 0 -24927 226850
-236835 11476 24927 0 -12568
917732 -640259 -226850 12568 0
5
0 637798 -692394 -771192 -154187
-637798 0 638818 394622 174096
692394 -638818 0 563585 -185199
771192 -394622 -563585 0 -499302
154187 -174096 185199 499302 0
5
0 -812150 -169701 37327 281159
812150 0 -138389 259811 -126094
169701 138389 0 -141823 631388
-37327 -259811 141823 0 -731129
-281159 126094 -631388 731129 0
5
0 658711 -564529 -508294 -36165
-658711 0 577376 -900094 -684009
564529 -577376 0 -387396 515513
508294 900094 387396 0 362079
36165 684009 -515513 -362079 0
5
0 -702838 441619 -374843 -695062
702838 0 872020 -795512 -673290
-441619 -872020 0 -135202 -813456
374843 795512 135202 0 651353
695062 673290 813456 -651353 0
5
0 -8066 -361264 352700 302565
8066 0 858140 365637 98484
361264 -858140 0 606846 685536
-352700 -365637 -606846 0 549347
-302565 -98484 -685536 -549347 0
5
0 503621 -439234 -635048 939683
-503621 0 523404 453933 28017
439234 -523404 0 999897 968678
635048 -453933 -999897 0 -440644
-939683 -28017 -968678 440644 0
5
0 -642858 -844686 -512414 -649850
642858 0 -466567 -747147 838580
844686 466567 0 642422 -313012
512414 747147 -642422 0 -100727
649850 -838580 313012 100727 0
5
0 -51837 -397675 -911474 398788
51837 0 91358 258532 -123352
397675 -91358 0 -177831 -281039
911474 -258532 177831 0 848147
-398788 123352 281039 -848147 0
5
0 40425 811374 284845 266703
-40425 0 105126 504661 -750015
-811374 -105126 0 132954 47254
-284845 -504661 -132954 0 399043
-266703 750015 -47254 -399043 0
5
0 -322177 -183125 446834 513542
322177 0 -614668 311366 -337502
183125 614668 0 -471914 -685721
-446834 -311366 471914 0 -444898
-513542 337502 685721 444898 0
5
0 -442820 -130107 65716 912701
442820 0 -621798 -132505 779924
130107 621798 0 -321065 -789373
-65716 132505 321065 0 320889
-912701 -779924 789373 -320889 0
5
0 -111194 144957 -688194 -654198
111194 0 -431236 346173 -318836
-144957 431236 0 919285 -263383
688194 -346173 -919285 0 -122658
654198 318836 263383 122658 0
5
0 46387 -266355 -963561 651320
-46387 0 -334728 -579506 -232473
266355 334728 0 179876 941135
963561 579506 -179876 0 -845526
-651320 232473 -941135 845526 0
5
0 15105 -368133 -935609 -640504
-15105 0 -822836 457715 -821467
368133 822836 0 859812 -223551
935609 -457715 -859812 0 -411029
640504 821467 223551 411029 0
5
0 -301595 24858 19694 -563010
301595 0 -809533 59588 633534
-24858 809533 0 -23376 -238059
-19694 -59588 23376 0 978960
563010 -633534 238059 -978960 0
5
0 134846 -925617 -240322 148426
-134846 0 -590233 -17862 921756
925617 590233 0 -82640 515827
240322 17862 82640 0 57948
-148426 -921756 -515827 -57948 0
5
0 232934 296673 -530196 273674
-232934 0 732337 848042 47804
-296673 -732337 0 368631 -493611
530196 -848042 -368631 0 -435431
-273674 -47804 493611 435431 0
5
0 790845 -789921 -328097 762650
-790845 0 306565 -929562 791082
789921 -306565 0 370451 974957
328097 929562 -370451 0 -667440
-762650 -791082 -974957 667440 0
5
0 -521915 924743 996611 530036
521915 0 767602 944215 -252260
-924743 -767602 0 757600 -47544
-996611 -944215 -757600 0 -695640
-530036 252260 47544 695640 0
5
0 -169889 -431147 -74417 -927832
169889 0 117123 -845491 -122685
431147 -117123 0 719466 625013
74417 845491 -719466 0 -776762
927832 122685 -625013 776762 0
5
0 -460269 821158 -465243 106167
460269 0 -611816 -478204 -31455
-821158 611816 0 736901 762612
465243 478204 -736901 0 350169
-106167 31455 -762612 -350169 0
5
0 180823 -823159 769684 -709619
-180823 0 573135 113084 -421362
823159 -573135 0 9919 -707882
-769684 -113084 -9919 0 -146735
709619 421362 707882 146735 0
5
0 366398 -791224 -313003 -183374
-366398 0 720123 -797251 -973148
791224 -720123 0 -133701 -936105
313003 797251 133701 0 453200
183374 973148 936105 -453200 0
5
0 681477 326305 380874 770083
-681477 0 830402 32506 -245201
-326305 -830402 0 -191091 -195933
-380874 -32506 191091 0 -212433
-770083 245201 195933 212433 0
5
0 -428789 643233 -100430 -754050
428789 0 717358 815094 702110
-643233 -717358 0 155643 -292895
100430 -815094 -155643 0 707763
754050 -702110 292895 -707763 0
5
0 -775920 -102377 -168455 450635
775920 0 689884 504678 38112
102377 -689884 0 -8105 -898696
168455 -504678 8105 0 -202401
-450635 -38112 898696 202401 0
5
0 -471655 502857 186418 -880512
471655 0 -272630 567824 -453430
-502857 272630 0 872294 -496298
-186418 -567824 -872294 0 -510105
880512 453430 496298 510105 0
5
0 754316 664395 700616 23978
-754316 0 827266 577961 236442
-664395 -827266 0 409454 -945751
-700616 -577961 -409454 0 241933
-23978 -236442 945751 -241933 0
5
0 -966297 273080 -569462 645620
966297 0 244309 844577 662362
-273080 -244309 0 106580 363159
569462 -844577 -106580 0 -676773
-645620 -662362 -363159 676773 0
5
0 272561 875984 -838581 159391
-272561 0 -500641 -359729 41121
-875984 500641 0 874905 -650826
838581 359729 -874905 0 -876269
-159391 -41121 650826 876269 0
5
0 232759 642804 674333 613285
-232759 0 966355 555159 -11733
-642804 -966355 0 -656367 -340777
-674333 -555159 656367 0 335023
-613285 11733 340777 -335023 0
5
0 400922 -638133 981953 531409
-400922 0 919012 -694715 -463283
638133 -919012 0 -851145 -808944
-981953 694715 851145 0 -702967
-531409 463283 808944 702967 0
5
0 -75776 -311552 677739 398065
75776 0 370591 -68999 -210110
311552 -370591 0 -223969 372092
-677739 68999 223969 0 -470640
-398065 210110 -372092 470640 0
5
0 -747127 -876552 226604 -716992
747127 0 91679 324326 -693913
876552 -91679 0 -354581 977738
-226604 -324326 354581 0 -256074
716992 693913 -977738 256074 0
5
0 -245872 193563 -551890 32667
245872 0 -817903 -766044 259830
-193563 817903 0 670614 444166
551890 766044 -670614 0 -871187
-32667 -259830 -444166 871187 0
5
0 -52666 -716206 -44350 729814
52666 0 81170 -705929 713133
716206 -81170 0 -653995 -95402
44350 705929 653995 0 890331
-729814 -713133 95402 -890331 0
5
0 -384273 -960010 -804773 -46503
384273 0 -94888 -37224 -148205
960010 94888 0 808302 397851
804773 37224 -808302 0 -707850
46503 148205 -397851 707850 0
5
0 -471214 -54777 -164737 -763734
471214 0 -150743 -637793 916432
54777 150743 0 -243565 -457882
164737 637793 243565 0 -587055
763734 -916432 457882 587055 0
5
0 149495 925606 107734 -136307
-149495 0 173044 -835147 -362024
-925606 -173044 0 -679016 55373
-107734 835147 679016 0 -477997
136307 362024 -55373 477997 0
5
0 -936895 -970833 -72316 322031
936895 0 -587383 -953303 -520422
970833 587383 0 969765 695459
72316 953303 -969765 0 876883
-322031 520422 -695459 -876883 0
5
0 533298 287235 -298211 485821
-533298 0 -607709 -691547 418752
-287235 607709 0 220702 -171726
298211 691547 -220702 0 236852
-485821 -418752 171726 -236852 0
5
0 -722999 -13763 753909 -528221
722999 0 743149 876018 572288
13763 -743149 0 741094 648954
-753909 -876018 -741094 0 57132
528221 -572288 -648954 -57132 0
5
0 -687075 -666755 217461 -175289
687075 0 -488332 -487301 815118
666755 488332 0 895144 -857186
-217461 487301 -895144 0 779080
175289 -815118 857186 -779080 0
5
0 552039 -785656 241635 -395075
-552039 0 -549989 -827297 -94996
785656 549989 0 -174057 780417
-241635 827297 174057 0 598197
395075 94996 -780417 -598197 0
5
0 596137 -416478 459925 -495602
-596137 0 -471302 413293 192343
416478 471302 0 304040 -194905
-459925 -413293 -304040 0 -458738
495602 -192343 194905 458738 0
5
0 -390007 19667 5938 774712
390007 0 -432788 -385954 -510446
-19667 432788 0 417492 -815801
-5938 385954 -417492 0 914458
-774712 510446 815801 -914458 0
5
0 -306056 552573 556632 414163
306056 0 220599 -902062 -435317
-552573 -220599 0 -208478 -92794
-556632 902062 208478 0 -740942
-414163 435317 92794 740942 0
5
0 -126613 485077 12666 580666
126613 0 245114 -306482 -141604
-485077 -245114 0 -129995 -375817
-12666 306482 129995 0 -603807
-580666 141604 375817 603807 0
5
0 70231 901114 -44789 190398
-70231 0 -795154 -994462 -761823
-901114 795154 0 -62011 707262
44789 994462 62011 0 -981118
-190398 761823 -707262 981118 0
5
0 503321 354165 -748505 -663157
-503321 0 504418 -683894 -375766
-354165 -504418 0 702161 -475265
748505 683894 -702161 0 786747
663157 375766 475265 -786747 0
5
0 812763 -10616 626558 346101
-812763 0 -273092 435559 674498
10616 273092 0 -597584 301714
-626558 -435559 597584 0 776902
-346101 -674498 -301714 -776902 0
5
0 -306177 693837 -76981 -148494
306177 0 218303 -912262 139692
-693837 -218303 0 -929534 793532
76981 912262 929534 0 -847564
148494 -139692 -793532 847564 0
5
0 942441 -516410 119887 -675681
-942441 0 -403792 233430 922554
516410 403792 0 -493794 -195896
-119887 -233430 493794 0 821235
675681 -922554 195896 -821235 0
5
0 -109916 297898 -857369 -692285
109916 0 -807674 -282161 -876216
-297898 807674 0 -437199 -97005
857369 282161 437199 0 224984
692285 876216 97005 -224984 0
5
0 893054 -395151 -994502 205011
-893054 0 10825 704136 -794339
395151 -10825 0 637741 922140
994502 -704136 -637741 0 227228
-205011 794339 -922140 -227228 0
5
0 -857266 -726959 -213922 287726
857266 0 594916 147710 843282
726959 -594916 0 468450 388106
213922 -147710 -468450 0 -360146
-287726 -843282 -388106 360146 0
5
0 -377973 -709847 -891786 -780283
377973 0 287581 369430 -660758
709847 -287581 0 -634845 -662270
891786 -369430 634845 0 -984797
780283 660758 662270 984797 0
5
0 -854583 210464 75648 759741
854583 0 -312905 532850 -828867
-210464 312905 0 -422150 -985575
-75648 -532850 422150 0 296355
-759741 828867 985575 -296355 0
5
0 -481144 933666 575773 -557317
481144 0 231273 576677 801754
-933666 -231273 0 294116 -556129
-575773 -576677 -294116 0 -215057
557317 -801754 556129 215057 0
5
0 146621 -441970 -686900 -601992
-146621 0 338783 -306077 -489859
441970 -338783 0 281005 377440
686900 306077 -281005 0 -722710
601992 489859 -377440 722710 0
5
0 152872 897245 974585 -87651
-152872 0 287118 226211 159717
-897245 -287118 0 -320960 -301074
-974585 -226211 320960 0 390758
87651 -159717 301074 -390758 0
5
0 -691645 -4674 317827 24430
691645 0 823651 -480151 803320
4674 -823651 0 134391 -479004
-317827 480151 -134391 0 192665
-24430 -803320 479004 -192665 0
5
0 981347 88025 610690 -623408
-981347 0 -846398 242630 -813875
-88025 846398 0 -376176 563766
-610690 -242630 376176 0 -672545
623408 813875 -563766 672545 0
5
0 269257 34140 804079 966266
-269257 0 478316 375669 837070
-34140 -478316 0 -809794 -947205
-804079 -375669 809794 0 405911
-966266 -837070 947205 -405911 0
5
0 -995563 -962459 -110968 380882
995563 0 -916371 744316 408352
962459 916371 0 471992 -478530
110968 -744316 -471992 0 -524788
-380882 -408352 478530 524788 0
5
0 -24377 537916 -353205 -479098
24377 0 269329 975321 50718
-537916 -269329 0 75825 -65507
353205 -975321 -75825 0 726068
479098 -50718 65507 -726068 0
5
0 109202 -484769 -588477 -544962
-109202 0 -6471 -602624 268243
484769 6471 0 -855835 -179621
588477 602624 855835 0 123328
544962 -268243 179621 -123328 0
5
0 916133 106913 -387319 -678294
-916133 0 -351359 -112741 -523513
-106913 351359 0 -116796 185613
387319 112741 116796 0 -326186
678294 523513 -185613 326186 0
5
0 781396 -182560 -188746 252536
-781396 0 204414 230599 -643085
182560 -204414 0 704475 127433
188746 -230599 -704475 0 -790689
-252536 643085 -127433 790689 0
5
0 131403 -283307 896225 954355
-131403 0 52567 996282 -519131
283307 -52567 0 -332382 -884760
-896225 -996282 332382 0 -162803
-954355 519131 884760 162803 0
5
0 -181169 -690722 538714 148859
181169 0 755656 196742 -638493
690722 -755656 0 259054 528295
-538714 -196742 -259054 0 993181
-148859 638493 -528295 -993181 0
5
0 331757 -248944 -374255 699556
-331757 0 992477 541782 -455810
248944 -992477 0 -963889 -198540
374255 -541782 963889 0 -834133
-699556 455810 198540 834133 0
5
0 339539 747660 929466 -883577
-339539 0 -702997 -251134 -353606
-747660 702997 0 921573 141648
-929466 251134 -921573 0 116675
883577 353606 -141648 -116675 0
5
0 -697973 -553856 785387 681674
697973 0 -856420 -526673 91318
553856 856420 0 284816 -244606
-785387 526673 -284816 0 241248
-681674 -91318 244606 -241248 0
5
0 -29151 -58511 -816940 -977272
29151 0 -755863 -967659 -244285
58511 755863 0 -613108 -176814
816940 967659 613108 0 -495243
977272 244285 176814 495243 0
5
0 -688969 -650674 -342826 -997504
688969 0 417967 -121213 -24177
650674 -417967 0 575235 -396655
342826 121213 -575235 0 -329762
997504 24177 396655 329762 0
5
0 -584350 -136611 823422 162494
584350 0 -936632 -919954 -565047
136611 936632 0 209005 92476
-823422 919954 -209005 0 -461300
-162494 565047 -92476 461300 0
5
0 949390 -974645 853109 -279767
-949390 0 44174 271281 -577524
974645 -44174 0 558660 759082
-853109 -271281 -558660 0 -561103
279767 577524 -759082 561103 0
5
0 -502809 445668 643768 -370075
502809 0 523046 124447 -964814
-445668 -523046 0 -351454 792572
-643768 -124447 351454 0 240271
370075 964814 -792572 -240271 0
5
0 61363 -211077 -351483 457696
-61363 0 -257266 889707 -742383
211077 257266 0 -719330 272788
351483 -889707 719330 0 197898
-457696 742383 -272788 -197898 0
5
0 420921 329834 -3836 -863281
-420921 0 -179393 593144 -298675
-329834 179393 0 573302 187930
3836 -593144 -573302 0 -372761
863281 298675 -187930 372761 0
5
0 966422 5666 -130686 317795
-966422 0 85252 934679 902411
-5666 -85252 0 813247 369271
130686 -934679 -813247 0 -677964
-317795 -902411 -369271 677964 0
5
0 826130 421159 -778223 -659593
-826130 0 784857 297118 -958315
-421159 -784857 0 573592 591325
778223 -297118 -573592 0 -194514
659593 958315 -591325 194514 0
5
0 297026 -942246 72151 -776709
-297026 0 -172226 501170 679760
942246 172226 0 354246 -80532
-72151 -501170 -354246 0 -784737
776709 -679760 80532 784737 0
5
0 -341300 -844150 95696 -919432
341300 0 -941598 539797 782860
844150 941598 0 -902443 735622
-95696 -539797 902443 0 778073
919432 -782860 -735622 -778073 0
5
0 40414 -770884 -909165 906132
-40414 0 700349 770425 148849
770884 -700349 0 144299 -824095
909165 -770425 -144299 0 538822
-906132 -148849 824095 -538822 0
5
0 644008 761944 799184 -826146
-644008 0 -958026 -168294 557591
-761944 958026 0 -354413 -746700
-799184 168294 354413 0 -532603
826146 -557591 746700 532603 0
5
0 868383 -458599 431597 -528684
-868383 0 -519295 -441107 321105
458599 519295 0 -913661 -749202
-431597 441107 913661 0 63626
528684 -321105 749202 -63626 0
5
0 815096 438438 742316 -981599
-815096 0 899673 -324089 -705423
-438438 -899673 0 -288717 379108
-742316 324089 288717 0 729947
981599 705423 -379108 -729947 0
5
0 50245 -140645 -211733 511368
-50245 0 -382617 -356795 579375
140645 382617 0 495922 12909
211733 356795 -495922 0 930082
-511368 -579375 -12909 -930082 0
5
0 -600603 -53914 689058 69144
600603 0 247770 749681 -727919
53914 -247770 0 -168325 -399456
-689058 -749681 168325 0 692381
-69144 727919 399456 -692381 0
5
0 -304204 -230507 -29322 -433978
304204 0 -700364 -779498 758035
230507 700364 0 -681477 -925771
29322 779498 681477 0 -944052
433978 -758035 925771 944052 0
5
0 273827 -312568 152636 912881
-273827 0 460719 864022 183312
312568 -460719 0 731902 -781998
-152636 -864022 -731902 0 -605479
-912881 -183312 781998 605479 0
5
0 -75109 822711 108789 561654
75109 0 473972 -293258 224821
-822711 -473972 0 -564447 303505
-108789 293258 564447 0 -945960
-561654 -224821 -303505 945960 0
5
0 -76741 -537386 838481 -273548
76741 0 -51467 897360 -634445
537386 51467 0 7692 131320
-838481 -897360 -7692 0 -961510
273548 634445 -131320 961510 0
5
0 -698014 -240678 859997 570988
698014 0 -556045 800490 -619776
240678 556045 0 -26083 505282
-859997 -800490 26083 0 201490
-570988 619776 -505282 -201490 0
5
0 -27503 376154 -568916 312730
27503 0 23401 -821855 -589360
-376154 -23401 0 -111417 506219
568916 821855 111417 0 -340543
-312730 589360 -506219 340543 0
5
0 416407 -754450 815187 -60589
-416407 0 -770209 -195921 494677
754450 770209 0 -231287 555917
-815187 195921 231287 0 -421453
60589 -494677 -555917 421453 0
5
0 -543229 -265459 -968673 442626
543229 0 -188049 288083 -939270
265459 188049 0 -548683 457020
968673 -288083 548683 0 -437482
-442626 939270 -457020 437482 0
5
0 -863254 -466089 -713854 -44200
863254 0 655458 -111664 614218
466089 -655458 0 818007 916252
713854 111664 -818007 0 695277
44200 -614218 -916252 -695277 0
5
0 466348 -540886 -19051 -145629
-466348 0 379187 190443 878362
540886 -379187 0 -474907 -139849
19051 -190443 474907 0 977220
145629 -878362 139849 -977220 0
5
0 618293 451376 -301562 -256116
-618293 0 18881 440322 -270520
-451376 -18881 0 -322363 -670797
301562 -440322 322363 0 -594613
256116 270520 670797 594613 0
5
0 -797221 8808 970194 -269484
797221 0 128489 712474 323474
-8808 -128489 0 -663815 412965
-970194 -712474 663815 0 975963
269484 -323474 -412965 -975963 0
5
0 784930 339134 -171351 -745100
-784930 0 588296 589261 927486
-339134 -588296 0 -22558 -269421
171351 -589261 22558 0 204935
745100 -927486 269421 -204935 0
5
0 -68924 -755425 878162 -332910
68924 0 240274 -152000 -852767
755425 -240274 0 -605677 -892294
-878162 152000 605677 0 300874
332910 852767 892294 -300874 0
5
0 -538542 -486773 488932 293343
538542 0 342420 -731117 946427
486773 -342420 0 679059 -167893
-488932 731117 -679059 0 986162
-293343 -946427 167893 -986162 0
5
0 498102 -274820 625958 -623070
-498102 0 -948424 -780929 967784
274820 948424 0 159144 477932
-625958 780929 -159144 0 -846353
623070 -967784 -477932 846353 0
5
0 650169 248088 945913 468987
-650169 0 -761562 583758 -962490
-248088 761562 0 -487182 494389
-945913 -583758 487182 0 -268993
-468987 962490 -494389 268993 0
5
0 -535919 -91362 955699 416167
535919 0 -527011 -156530 205743
91362 527011 0 -891866 -303117
-955699 156530 891866 0 522659
-416167 -205743 303117 -522659 0
5
0 227585 268637 -598066 -329048
-227585 0 -357795 429499 592991
-268637 357795 0 -596428 760697
598066 -429499 596428 0 -613487
329048 -592991 -760697 613487 0
5
0 -437984 -491046 887021 117286
437984 0 910468 -131418 310993
491046 -910468 0 582055 -817802
-887021 131418 -582055 0 364434
-117286 -310993 817802 -364434 0
5
0 -960013 -308137 291291 540751
960013 0 122948 375162 -658970
308137 -122948 0 -686244 -500768
-291291 -375162 686244 0 -131068
-540751 658970 500768 131068 0
5
0 -818869 461156 -678434 961671
818869 0 789510 -273341 276582
-461156 -789510 0 788134 365680
678434 273341 -788134 0 118199
-961671 -276582 -365680 -118199 0
5
0 881438 -793672 -621822 897658
-881438 0 -224346 -534179 167200
793672 224346 0 -78739 942989
621822 534179 78739 0 928077
-897658 -167200 -942989 -928077 0
5
0 322050 -808331 738570 -949462
-322050 0 -581925 419865 -492670
808331 581925 0 -106702 92484
-738570 -419865 106702 0 682979
949462 492670 -92484 -682979 0
5
0 -300623 -768114 93785 -376435
300623 0 787510 221473 -88448
768114 -787510 0 857464 164552
-93785 -221473 -857464 0 -171291
376435 88448 -164552 171291 0
5
0 -234439 534361 -135511 11389
234439 0 -763508 459899 898122
-534361 763508 0 -118979 504726
135511 -459899 118979 0 -531607
-11389 -898122 -504726 531607 0
5
0 110859 627630 768743 -724622
-110859 0 294235 168434 152022
-627630 -294235 0 -255344 -86150
-768743 -168434 255344 0 502180
724622 -152022 86150 -502180 0
5
0 -619547 630153 -88918 968654
619547 0 546331 254276 553527
-630153 -546331 0 -458813 -360276
88918 -254276 458813 0 652208
-968654 -553527 360276 -652208 0
5
0 -536767 -572448 663885 294385
536767 0 -330937 638078 550841
572448 330937 0 -387763 496903
-663885 -638078 387763 0 -272237
-294385 -550841 -496903 272237 0
5
0 -613888 -69137 -764539 34407
613888 0 904323 138482 452133
69137 -904323 0 777099 -771713
764539 -138482 -777099 0 885734
-34407 -452133 771713 -885734 0
5
0 -740621 755467 287873 -998895
740621 0 -85192 -986284 978734
-755467 85192 0 350336 -176701
-287873 986284 -350336 0 -947850
998895 -978734 176701 947850 0
5
0 -823293 691030 -66565 643578
823293 0 339041 -91588 461857
-691030 -339041 0 737430 946351
66565 91588 -737430 0 -969816
-643578 -461857 -946351 969816 0
5
0 -471255 939671 -161089 478833
471255 0 -362205 541397 -393306
-939671 362205 0 664218 -376295
161089 -541397 -664218 0 -791987
-478833 393306 376295 791987 0
5
0 696979 815946 310028 351009
-696979 0 -436882 -215586 267857
-815946 436882 0 597559 433899
-310028 215586 -597559 0 165878
-351009 -267857 -433899 -165878 0
5
0 -455326 -916622 885576 -391448
455326 0 -672407 -172109 713427
916622 672407 0 701202 424737
-885576 172109 -701202 0 270219
391448 -713427 -424737 -270219 0
5
0 -941665 154475 -71588 220278
941665 0 164504 786211 -528765
-154475 -164504 0 272370 663131
71588 -786211 -272370 0 -528762
-220278 528765 -663131 528762 0
5
0 862583 374412 -298158 -988167
-862583 0 716327 706762 338246
-374412 -716327 0 190336 -875053
298158 -706762 -190336 0 406428
988167 -338246 875053 -406428 0
5
0 -449827 -425377 -696720 -920679
449827 0 -682815 186392 -589112
425377 682815 0 587854 480114
696720 -186392 -587854 0 -48697
920679 589112 -480114 48697 0
5
0 -336421 -77334 -652225 -375476
336421 0 894519 852 -37324
77334 -894519 0 352560 -228355
652225 -852 -352560 0 -11368
375476 37324 228355 11368 0
5
0 -882098 -443048 -21828 -413124
882098 0 -594432 -93209 111175
443048 594432 0 -814081 -558190
21828 93209 814081 0 540481
413124 -111175 558190 -540481 0
5
0 -815557 934975 730047 -147479
815557 0 -763923 858019 843323
-934975 763923 0 730184 881447
-730047 -858019 -730184 0 861889
147479 -843323 -881447 -861889 0
5
0 673985 -620021 996693 -657068
-673985 0 -653330 -673323 831496
620021 653330 0 -936361 392353
-996693 673323 936361 0 285950
657068 -831496 -392353 -285950 0
5
0 293906 765166 556178 434912
-293906 0 -185723 566022 138795
-765166 185723 0 323346 -178931
-556178 -566022 -323346 0 790936
-434912 -138795 178931 -790936 0
5
0 880375 559498 -7426 -278895
-880375 0 331853 165846 -944498
-559498 -331853 0 -675249 169010
7426 -165846 675249 0 -809422
278895 944498 -169010 809422 0
5
0 646416 -828456 -325194 -737236
-646416 0 952760 713314 752497
828456 -952760 0 -343924 786435
325194 -713314 343924 0 830157
737236 -752497 -786435 -830157 0
5
0 -232935 -410843 -893559 -681456
232935 0 -151243 -512318 -385164
410843 151243 0 -149677 -828865
893559 512318 149677 0 -901102
681456 385164 828865 901102 0
5
0 -49212 -306749 -270407 -293866
49212 0 939878 -319543 492594
306749 -939878 0 856270 -588443
270407 319543 -856270 0 88043
293866 -492594 588443 -88043 0
5
0 -19132 -15644 -737061 -348662
19132 0 708356 -922280 932900
15644 -708356 0 -765749 -254271
737061 922280 765749 0 -905829
348662 -932900 254271 905829 0
5
0 799854 604290 814723 -113549
-799854 0 45663 156429 -49258
-604290 -45663 0 537907 582365
-814723 -156429 -537907 0 -872829
113549 49258 -582365 872829 0
5
0 -302842 -163129 -669726 197409
302842 0 -226598 353040 469098
163129 226598 0 47816 419496
669726 -353040 -47816 0 -664800
-197409 -469098 -419496 664800 0
5
0 -746279 -758599 868412 -847970
746279 0 -750012 -35543 -217869
758599 750012 0 -137956 -673682
-868412 35543 137956 0 214163
847970 217869 673682 -214163 0
5
0 -66995 -708248 -365279 -299147
66995 0 -984638 -612096 -112681
708248 984638 0 916465 491263
365279 612096 -916465 0 418963
299147 112681 -491263 -418963 0
5
0 169506 -329168 -824327 406083
-169506 0 852327 443311 -440962
329168 -852327 0 -600500 -405926
824327 -443311 600500 0 -152346
-406083 440962 405926 152346 0
5
0 -654379 79197 -770274 180846
654379 0 -144023 632098 -985259
-79197 144023 0 -611596 22487
770274 -632098 611596 0 53656
-180846 985259 -22487 -53656 0
5
0 888556 427661 -365319 1079
-888556 0 -174140 -477813 979096
-427661 174140 0 -442400 -663441
365319 477813 442400 0 10662
-1079 -979096 663441 -10662 0
5
0 -184081 -519234 -844260 -643944
184081 0 293644 -809283 -323755
519234 -293644 0 -651560 -942941
844260 809283 651560 0 -260428
643944 323755 942941 260428 0
5
0 389400 -724539 704529 -232523
-389400 0 -556815 -156200 820808
724539 556815 0 619731 -180662
-704529 156200 -619731 0 -733406
232523 -820808 180662 733406 0
5
0 -785850 569928 -483239 971410
785850 0 209212 -335477 978065
-569928 -209212 0 687163 -165772
483239 335477 -687163 0 -8448
-971410 -978065 165772 8448 0
5
0 662417 751909 650992 -313284
-662417 0 -991729 -170864 -780881
-751909 991729 0 449006 -432855
-650992 170864 -449006 0 964307
313284 780881 432855 -964307 0
5
0 978956 -968666 -578509 -622573
-978956 0 -918967 260692 -327554
968666 918967 0 -618695 -142850
578509 -260692 618695 0 -961921
622573 327554 142850 961921 0
5
0 449702 265052 -312688 -47881
-449702 0 -489529 -509305 -639984
-265052 489529 0 -379201 -390646
312688 509305 379201 0 -221212
47881 639984 390646 221212 0
5
0 -496114 361965 71654 934221
496114 0 -576969 -233551 495558
-361965 576969 0 338824 -673521
-71654 233551 -338824 0 57373
-934221 -495558 673521 -57373 0
5
0 213821 595763 138088 439387
-213821 0 -729428 734642 175534
-595763 729428 0 -153672 -403092
-138088 -734642 153672 0 -500426
-439387 -175534 403092 500426 0
5
0 887667 107354 -782621 -215205
-887667 0 -178325 190672 821118
-107354 178325 0 -744944 779788
782621 -190672 744944 0 -205429
215205 -821118 -779788 205429 0
5
0 207814 714348 -873415 276998
-207814 0 -88422 226082 129835
-714348 88422 0 -362008 696423
873415 -226082 362008 0 -311268
-276998 -129835 -696423 311268 0
5
0 746928 -31124 194919 -869304
-746928 0 530615 -467293 739612
31124 -530615 0 155346 -136065
-194919 467293 -155346 0 -193922
869304 -739612 136065 193922 0
5
0 105564 337864 861541 705310
-105564 0 154295 -214601 877887
-337864 -154295 0 95767 572638
-861541 214601 -95767 0 501782
-705310 -877887 -572638 -501782 0
5
0 969820 -242788 377642 363894
-969820 0 -794471 -13753 562394
242788 794471 0 -671942 717133
-377642 13753 671942 0 615331
-363894 -562394 -717133 -615331 0
5
0 -362504 -414907 396834 332259
362504 0 -529376 543933 -129883
414907 529376 0 -625589 -121133
-396834 -543933 625589 0 668537
-332259 129883 121133 -668537 0
5
0 -503209 386146 360434 184468
503209 0 -736185 -626941 -546712
-386146 736185 0 -680504 940694
-360434 626941 680504 0 155710
-184468 546712 -940694 -155710 0
5
0 -367340 852477 359308 243018
367340 0 -921827 928104 -700636
-852477 921827 0 -318280 226177
-359308 -928104 318280 0 661632
-243018 700636 -226177 -661632 0
5
